3.270666124566529106e+03
6.541428132214016387e+02
3.523848532032367871e+02
2.337104711970266919e+02
1.684079751665637730e+02
1.279079271249157870e+02
1.011472341355642186e+02
8.274469183926856886e+01
6.969847269258187339e+01
6.018835136102298833e+01
5.306830570022119531e+01
4.760173312457411043e+01
4.330815475728888231e+01
3.986753650920146441e+01
3.706041789811342113e+01
3.473210563748379798e+01
3.277232568613570862e+01
3.110156777981763909e+01
2.966177150976902510e+01
2.840976545009473142e+01
2.731254567860683835e+01
2.634429152425558485e+01
2.548449821925752090e+01
2.471667873898425327e+01
2.402745520241402133e+01
2.340594289254069693e+01
2.284325921777431390e+01
2.233202070225988578e+01
2.186589043246503294e+01
2.143934007649410489e+01
2.104758834138435120e+01
2.068655284409218709e+01
2.035276111826848222e+01
2.004324799464286144e+01
1.975546092115717300e+01
1.948717851111109667e+01
1.923644739594984898e+01
1.900154606241566313e+01
1.878096714850890692e+01
1.857339276737291200e+01
1.837766089103040557e+01
1.819273838554445888e+01
1.801770434358065032e+01
1.785173818851461292e+01
1.769410847064979819e+01
1.754416181597089874e+01
1.740131306533878686e+01
1.726503739185662312e+01
1.713486430792116977e+01
1.701037289480916925e+01
