2.017139756465342373e+02
7.739255999392041474e+01
6.656578962419673928e+01
6.037171440755736995e+01
5.569810584790626962e+01
5.191154634422665026e+01
4.874290042509466048e+01
4.603879406135283858e+01
4.369905214206735877e+01
4.164967433944145370e+01
3.983511491784807390e+01
3.821457031269034843e+01
3.675735538502365785e+01
3.543947685810916681e+01
3.424169917457906820e+01
3.314835517039585255e+01
3.214651737520043895e+01
3.122536763259460102e+01
3.037571774815544501e+01
2.958968348402219206e+01
2.886047565743525567e+01
2.818222088126146474e+01
2.754978592914611468e+01
2.695864545796964862e+01
2.640479833902013240e+01
2.588470542810948061e+01
2.539523901481340928e+01
2.493365210164787271e+01
2.449756119221473938e+01
2.408491357433736724e+01
2.369392608073791351e+01
2.332301602239781957e+01
2.297074709846931384e+01
2.263579792759632880e+01
2.231695197797526120e+01
2.201309971736699822e+01
2.172323821503014329e+01
2.144646147815786463e+01
2.118194617898238619e+01
2.092893864881201438e+01
2.068674509243482618e+01
2.045472454688923492e+01
2.023228358669373605e+01
2.001887197918262729e+01
1.981397881169027997e+01
1.961712887636788238e+01
1.942787929861550822e+01
1.924581653409986615e+01
1.907055387492230736e+01
1.890172946976368351e+01
