1.492773750878103328e+03
1.526920935143345446e+02
6.975491172512019489e+01
4.622341192354917894e+01
3.637481193879379049e+01
3.140511137346404880e+01
2.854471310140004903e+01
2.670450589272309116e+01
2.538869790281727745e+01
2.436210376229642804e+01
2.351519703251565829e+01
2.279144387493834856e+01
2.215706205671951068e+01
2.159055003914285820e+01
2.107768432168941430e+01
2.060905346457888498e+01
2.017858358889956705e+01
1.978212344354943752e+01
1.941629997234350924e+01
1.907813594287841141e+01
1.876494185537290349e+01
1.847421244071004409e+01
1.820369862911164560e+01
1.795151425464379003e+01
1.771606462541272364e+01
1.749590001123562644e+01
1.728963946725214029e+01
1.709597282815362362e+01
1.691369321440768658e+01
1.674173008656232042e+01
1.657916734169199913e+01
1.642523438897211108e+01
1.627927529318887423e+01
1.614071146379865951e+01
1.600901107232428444e+01
1.588367378947099340e+01
1.576422889040905417e+01
1.565023947451600961e+01
1.554130803326570209e+01
1.543708078295384212e+01
1.533724945003044482e+01
1.524154906333862236e+01
1.514974984129707991e+01
1.506164354466240951e+01
1.497702945249532824e+01
1.489570698229877976e+01
1.481747686542026621e+01
1.474214605424964475e+01
1.466953151462287153e+01
1.459946315235835002e+01
