1.708275620361879419e+02
9.735197727851492289e+01
8.529491877708161951e+01
7.690036859397159219e+01
7.029799838801092449e+01
6.493155636890540450e+01
6.045852003616614212e+01
5.665163431893365953e+01
5.336504936625689766e+01
5.049512039563331456e+01
4.796569253845994041e+01
4.571891551577820678e+01
4.370945351753788088e+01
4.190147667911922724e+01
4.026646945607463834e+01
3.878125704315698385e+01
3.742659535391782555e+01
3.618633119372240259e+01
3.504684635946320981e+01
3.399659060586600390e+01
3.302566517928374168e+01
3.212549066638565165e+01
3.128858216806730397e+01
3.050841213485502124e+01
2.977931276051953446e+01
2.909638359341948544e+01
2.845539189935581348e+01
2.785266347328517966e+01
2.728497863921381494e+01
2.674948855629059707e+01
2.624365159735531350e+01
2.576518486349307224e+01
2.531202801669105540e+01
2.488231522569033771e+01
2.447435170756087430e+01
2.408659598860225159e+01
2.371764830733958718e+01
2.336623972041814667e+01
2.303121551941485023e+01
2.271151264322523744e+01
2.240613780264859756e+01
2.211415518588710682e+01
2.183468727056869696e+01
2.156692320640848592e+01
2.131012508089016677e+01
2.106362645046424475e+01
2.082682444523159404e+01
2.059917003948414660e+01
2.038015979637687281e+01
2.016932993060916601e+01
