8.215017808594275266e+03
3.448464839286373717e+03
2.619462200036949071e+03
2.214884662143864261e+03
1.965241228111841792e+03
1.792298830331117642e+03
1.664680542894959672e+03
1.566002201834305424e+03
1.486718244062365784e+03
1.420046969903007039e+03
1.361119632737717893e+03
1.310536055111547284e+03
1.266795279649102667e+03
1.228641789825847127e+03
1.195140861111793583e+03
1.165487017637217150e+03
1.138982871937914524e+03
1.115037674565755879e+03
1.093177670187290460e+03
1.073048718544833946e+03
1.054417066304836453e+03
1.037132925980085702e+03
1.021071613694331973e+03
1.006096347334726943e+03
9.920849034641154276e+02
9.790601906370166034e+02
9.669317938876087055e+02
9.555952412005671022e+02
9.449657334693404209e+02
9.349715902997296553e+02
9.255537092699263439e+02
9.166649469119790865e+02
9.082685505734660865e+02
9.003348149399655540e+02
8.928365861930366236e+02
8.857455665166829704e+02
8.790305840950170477e+02
8.726578384757760887e+02
8.665926888938009824e+02
8.608024284074463139e+02
8.552601477757240218e+02
8.499496605976472665e+02
8.448669831196082214e+02
8.400122746793521173e+02
8.353804505814763388e+02
8.309613105070948222e+02
8.267432844898245321e+02
8.227148756081679721e+02
8.188645117970399951e+02
8.151806327612168843e+02
